0 221 54 88 62 95 74 226 188 29 122 157 170 23 76 81 181 115 242 120 97 189 257 
1 234 168 164 134 162 136 171 60 232 277 29 14 121 61 190 93 119 264 152 30 270 240 257 
2 36 184 72 24 294 137 273 63 53 32 29 64 158 195 23 42 139 31 152 154 233 173 183 
3 167 99 0 294 150 263 38 226 230 40 254 268 207 269 70 287 205 252 229 206 208 
4 168 296 148 107 15 129 96 244 86 111 147 235 124 264 112 228 194 49 2 
5 179 110 103 62 227 187 129 39 28 282 271 42 35 242 186 123 84 2 
6 33 88 294 144 15 232 40 157 253 22 237 283 5 266 155 186 233 2 
7 54 103 162 144 267 232 102 158 177 42 5 112 186 272 175 
8 180 4 162 218 60 79 28 268 253 163 283 138 78 186 206 165 
9 216 212 203 56 60 53 281 244 236 237 81 248 43 37 153 130 
10 99 134 203 171 53 185 26 195 81 20 51 182 228 270 153 
11 184 249 92 263 21 122 26 177 119 51 142 186 153 
12 87 249 259 187 91 14 236 101 51 106 270 9 149 
13 110 299 133 15 281 64 236 83 142 279 52 165 
14 299 127 19 64 209 287 106 135 274 
15 286 95 198 217 271 124 223 262 278 274 
16 95 217 298 138 145 176 46 149 
17 58 204 3 163 20 12 149 
18 204 298 201 192 149 
19 298 238 192 
20 163 255 141 
21 114 10 280 
22 10 59 
23 280 
24 59 
25 100 
26 252 
27 155 
28 
29 
30 
31 
32 
33 
34 
35 
36 
37 
38 
39 
40 
41 
42 
43 
44 
45 
46 
47 
48 
49 
50 
51 
52 
53 
54 
55 
56 
57 
58 
59 
60 
61 
62 
63 
64 
65 
66 
67 
68 
69 
70 
71 
72 
73 
74 
75 
76 
77 
78 
79 
80 
81 
82 
83 
84 
85 
86 
87 
88 
89 
90 
91 
92 
93 
94 
95 
96 
97 
98 
99 
